# zeta, mu=22, NB=56, ctx.dps=22 ; rayon max des entrees certifiees = 1.140e-10 ; rayon max des quotients = 8.618e-10
# borne = mid + rad du quotient de Rayleigh certifie (Arb) ; temoins : witnesses_zeta_mu22.json (dyadiques exacts)
[] : -1.064396  (rayon 2.26e-11)
[2] : -1.069761  (rayon 8.95e-11)
[3] : -1.069158  (rayon 3.75e-11)
[5] : -1.063985  (rayon 2.99e-11)
[7] : -1.131285  (rayon 1.83e-11)
[11] : -1.315130  (rayon 2.53e-11)
[13] : -1.318615  (rayon 2.81e-11)
[17] : -1.211810  (rayon 3.15e-11)
[19] : -1.133255  (rayon 2.45e-11)
[2, 3] : -0.937639  (rayon 1.37e-10)
[2, 5] : -1.113686  (rayon 7.46e-11)
[2, 7] : -1.301570  (rayon 8.11e-11)
[2, 11] : -0.978669  (rayon 3.46e-11)
[2, 13] : -1.114907  (rayon 6.47e-11)
[2, 17] : -1.285533  (rayon 1.09e-10)
[2, 19] : -1.175180  (rayon 9.94e-11)
[3, 5] : -1.078071  (rayon 8.92e-11)
[3, 7] : -1.287565  (rayon 3.74e-11)
[3, 11] : -1.294048  (rayon 4.12e-11)
[3, 13] : -1.167966  (rayon 3.67e-11)
[3, 17] : -1.059936  (rayon 4.31e-11)
[3, 19] : -1.085506  (rayon 5.35e-11)
[5, 7] : -1.312314  (rayon 3.79e-11)
[5, 11] : -0.932912  (rayon 1.90e-11)
[5, 13] : -1.078227  (rayon 3.69e-11)
[5, 17] : -1.180535  (rayon 4.31e-11)
[5, 19] : -1.135263  (rayon 4.39e-11)
[7, 11] : -1.315501  (rayon 2.28e-11)
[7, 13] : -1.236116  (rayon 2.44e-11)
[7, 17] : -1.134138  (rayon 1.81e-11)
[7, 19] : -1.130844  (rayon 1.86e-11)
[11, 13] : -1.616589  (rayon 3.01e-11)
[11, 17] : -1.439103  (rayon 2.92e-11)
[11, 19] : -1.366007  (rayon 2.78e-11)
[13, 17] : -1.496041  (rayon 3.48e-11)
[13, 19] : -1.399975  (rayon 3.39e-11)
[17, 19] : -1.363272  (rayon 5.42e-11)
[2, 3, 5] : -0.859783  (rayon 1.16e-10)
[2, 3, 7] : -1.096014  (rayon 8.72e-11)
[2, 3, 11] : -0.966929  (rayon 1.03e-10)
[2, 3, 13] : -1.043577  (rayon 1.69e-10)
[2, 3, 17] : -1.108753  (rayon 1.68e-10)
[2, 3, 19] : -1.034109  (rayon 1.77e-10)
[2, 5, 7] : -1.025736  (rayon 9.93e-11)
[2, 5, 11] : -1.208237  (rayon 4.06e-11)
[2, 5, 13] : -0.953428  (rayon 8.78e-11)
[2, 5, 17] : -1.240533  (rayon 1.03e-10)
[2, 5, 19] : -1.227596  (rayon 1.10e-10)
[2, 7, 11] : -1.031742  (rayon 5.81e-11)
[2, 7, 13] : -1.378846  (rayon 8.12e-11)
[2, 7, 17] : -1.431356  (rayon 1.04e-10)
[2, 7, 19] : -1.332296  (rayon 8.76e-11)
[2, 11, 13] : -1.246901  (rayon 3.40e-11)
[2, 11, 17] : -1.163927  (rayon 6.93e-11)
[2, 11, 19] : -1.060393  (rayon 5.39e-11)
[2, 13, 17] : -1.322986  (rayon 7.89e-11)
[2, 13, 19] : -1.197717  (rayon 7.75e-11)
[2, 17, 19] : -1.451580  (rayon 1.12e-10)
[3, 5, 7] : -0.904052  (rayon 9.38e-11)
[3, 5, 11] : -0.954456  (rayon 9.04e-11)
[3, 5, 13] : -1.089375  (rayon 7.90e-11)
[3, 5, 17] : -1.224620  (rayon 1.18e-10)
[3, 5, 19] : -1.105408  (rayon 1.01e-10)
[3, 7, 11] : -1.252368  (rayon 5.76e-11)
[3, 7, 13] : -1.113731  (rayon 4.15e-11)
[3, 7, 17] : -1.363406  (rayon 4.11e-11)
[3, 7, 19] : -1.380787  (rayon 5.41e-11)
[3, 11, 13] : -1.485474  (rayon 4.18e-11)
[3, 11, 17] : -1.284905  (rayon 3.07e-11)
[3, 11, 19] : -1.293602  (rayon 4.52e-11)
[3, 13, 17] : -1.230967  (rayon 4.87e-11)
[3, 13, 19] : -1.176384  (rayon 3.87e-11)
[3, 17, 19] : -1.139607  (rayon 1.22e-10)
[5, 7, 11] : -1.216634  (rayon 3.50e-11)
[5, 7, 13] : -1.216784  (rayon 3.50e-11)
[5, 7, 17] : -1.374327  (rayon 4.67e-11)
[5, 7, 19] : -1.374656  (rayon 5.68e-11)
[5, 11, 13] : -1.164398  (rayon 5.01e-11)
[5, 11, 17] : -0.946840  (rayon 3.04e-11)
[5, 11, 19] : -0.937648  (rayon 2.71e-11)
[5, 13, 17] : -1.222154  (rayon 5.87e-11)
[5, 13, 19] : -1.130132  (rayon 5.04e-11)
[5, 17, 19] : -1.331057  (rayon 7.07e-11)
[7, 11, 13] : -1.507924  (rayon 2.72e-11)
[7, 11, 17] : -1.356598  (rayon 2.78e-11)
[7, 11, 19] : -1.323716  (rayon 2.29e-11)
[7, 13, 17] : -1.310287  (rayon 3.10e-11)
[7, 13, 19] : -1.257067  (rayon 2.60e-11)
[7, 17, 19] : -1.161959  (rayon 5.66e-11)
[11, 13, 17] : -1.764758  (rayon 3.35e-11)
[11, 13, 19] : -1.673780  (rayon 3.00e-11)
[11, 17, 19] : -1.543553  (rayon 4.23e-11)
[13, 17, 19] : -1.629617  (rayon 4.19e-11)
[2, 3, 5, 7] : -0.652609  (rayon 1.75e-10)
[2, 3, 5, 11] : -0.869703  (rayon 1.10e-10)
[2, 3, 5, 13] : -0.759506  (rayon 2.95e-10)
[2, 3, 5, 17] : -1.065000  (rayon 1.48e-10)
[2, 3, 5, 19] : -0.969837  (rayon 2.04e-10)
[2, 3, 7, 11] : -0.827906  (rayon 1.21e-10)
[2, 3, 7, 13] : -0.997991  (rayon 9.80e-11)
[2, 3, 7, 17] : -1.249919  (rayon 9.64e-11)
[2, 3, 7, 19] : -1.191834  (rayon 1.03e-10)
[2, 3, 11, 13] : -1.027641  (rayon 4.55e-11)
[2, 3, 11, 17] : -1.098056  (rayon 1.40e-10)
[2, 3, 11, 19] : -0.992638  (rayon 1.26e-10)
[2, 3, 13, 17] : -1.141598  (rayon 1.86e-10)
[2, 3, 13, 19] : -1.127139  (rayon 2.20e-10)
[2, 3, 17, 19] : -1.268155  (rayon 1.83e-10)
[2, 5, 7, 11] : -0.831491  (rayon 7.87e-11)
[2, 5, 7, 13] : -0.883715  (rayon 9.76e-11)
[2, 5, 7, 17] : -1.183185  (rayon 1.12e-10)
[2, 5, 7, 19] : -1.133346  (rayon 1.28e-10)
[2, 5, 11, 13] : -1.160256  (rayon 5.68e-11)
[2, 5, 11, 17] : -1.241061  (rayon 5.54e-11)
[2, 5, 11, 19] : -1.287390  (rayon 5.67e-11)
[2, 5, 13, 17] : -0.979191  (rayon 8.65e-11)
[2, 5, 13, 19] : -1.003349  (rayon 1.48e-10)
[2, 5, 17, 19] : -1.410974  (rayon 1.21e-10)
[2, 7, 11, 13] : -1.237193  (rayon 5.88e-11)
[2, 7, 11, 17] : -1.095845  (rayon 8.01e-11)
[2, 7, 11, 19] : -1.029601  (rayon 5.19e-11)
[2, 7, 13, 17] : -1.448350  (rayon 8.87e-11)
[2, 7, 13, 19] : -1.371547  (rayon 6.95e-11)
[2, 7, 17, 19] : -1.519881  (rayon 1.12e-10)
[2, 11, 13, 17] : -1.403615  (rayon 3.83e-11)
[2, 11, 13, 19] : -1.304085  (rayon 3.55e-11)
[2, 11, 17, 19] : -1.313452  (rayon 8.53e-11)
[2, 13, 17, 19] : -1.464289  (rayon 8.90e-11)
[3, 5, 7, 11] : -0.882569  (rayon 2.75e-10)
[3, 5, 7, 13] : -0.854366  (rayon 1.33e-10)
[3, 5, 7, 17] : -1.077234  (rayon 8.94e-11)
[3, 5, 7, 19] : -1.035440  (rayon 1.54e-10)
[3, 5, 11, 13] : -1.099904  (rayon 6.36e-11)
[3, 5, 11, 17] : -1.037816  (rayon 1.32e-10)
[3, 5, 11, 19] : -0.996391  (rayon 1.36e-10)
[3, 5, 13, 17] : -1.170493  (rayon 7.68e-11)
[3, 5, 13, 19] : -1.075393  (rayon 6.35e-11)
[3, 5, 17, 19] : -1.329529  (rayon 1.32e-10)
[3, 7, 11, 13] : -1.228988  (rayon 5.78e-11)
[3, 7, 11, 17] : -1.245067  (rayon 5.59e-11)
[3, 7, 11, 19] : -1.304361  (rayon 7.27e-11)
[3, 7, 13, 17] : -1.141012  (rayon 4.16e-11)
[3, 7, 13, 19] : -1.163585  (rayon 6.25e-11)
[3, 7, 17, 19] : -1.490918  (rayon 6.01e-11)
[3, 11, 13, 17] : -1.541655  (rayon 4.44e-11)
[3, 11, 13, 19] : -1.490491  (rayon 3.95e-11)
[3, 11, 17, 19] : -1.286362  (rayon 3.02e-11)
[3, 13, 17, 19] : -1.302694  (rayon 6.95e-11)
[5, 7, 11, 13] : -1.209433  (rayon 2.70e-11)
[5, 7, 11, 17] : -1.218018  (rayon 4.12e-11)
[5, 7, 11, 19] : -1.234809  (rayon 5.35e-11)
[5, 7, 13, 17] : -1.250046  (rayon 4.59e-11)
[5, 7, 13, 19] : -1.249038  (rayon 5.85e-11)
[5, 7, 17, 19] : -1.474061  (rayon 6.74e-11)
[5, 11, 13, 17] : -1.247868  (rayon 5.38e-11)
[5, 11, 13, 19] : -1.164660  (rayon 4.18e-11)
[5, 11, 17, 19] : -1.049390  (rayon 1.16e-10)
[5, 13, 17, 19] : -1.354615  (rayon 7.23e-11)
[7, 11, 13, 17] : -1.592928  (rayon 2.97e-11)
[7, 11, 13, 19] : -1.533284  (rayon 2.70e-11)
[7, 11, 17, 19] : -1.399969  (rayon 3.99e-11)
[7, 13, 17, 19] : -1.385712  (rayon 4.21e-11)
[11, 13, 17, 19] : -1.863839  (rayon 3.54e-11)
[2, 3, 5, 7, 11] : -0.582333  (rayon 3.62e-10)
[2, 3, 5, 7, 13] : -0.626783  (rayon 3.10e-10)
[2, 3, 5, 7, 17] : -0.876167  (rayon 1.40e-10)
[2, 3, 5, 7, 19] : -0.809951  (rayon 2.21e-10)
[2, 3, 5, 11, 13] : -0.767102  (rayon 9.97e-11)
[2, 3, 5, 11, 17] : -0.986154  (rayon 1.38e-10)
[2, 3, 5, 11, 19] : -0.974683  (rayon 1.52e-10)
[2, 3, 5, 13, 17] : -0.802630  (rayon 1.74e-10)
[2, 3, 5, 13, 19] : -0.783160  (rayon 3.95e-10)
[2, 3, 5, 17, 19] : -1.222482  (rayon 1.70e-10)
[2, 3, 7, 11, 13] : -0.796928  (rayon 1.70e-10)
[2, 3, 7, 11, 17] : -0.882487  (rayon 6.77e-11)
[2, 3, 7, 11, 19] : -0.894436  (rayon 1.01e-10)
[2, 3, 7, 13, 17] : -1.072678  (rayon 8.95e-11)
[2, 3, 7, 13, 19] : -0.994551  (rayon 6.08e-11)
[2, 3, 7, 17, 19] : -1.388308  (rayon 1.11e-10)
[2, 3, 11, 13, 17] : -1.124021  (rayon 1.07e-10)
[2, 3, 11, 13, 19] : -1.033409  (rayon 6.06e-11)
[2, 3, 11, 17, 19] : -1.162813  (rayon 1.65e-10)
[2, 3, 13, 17, 19] : -1.256370  (rayon 2.11e-10)
[2, 5, 7, 11, 13] : -0.753896  (rayon 1.12e-10)
[2, 5, 7, 11, 17] : -0.916653  (rayon 1.01e-10)
[2, 5, 7, 11, 19] : -0.906825  (rayon 1.40e-10)
[2, 5, 7, 13, 17] : -0.978875  (rayon 1.02e-10)
[2, 5, 7, 13, 19] : -0.896453  (rayon 1.13e-10)
[2, 5, 7, 17, 19] : -1.332764  (rayon 1.28e-10)
[2, 5, 11, 13, 17] : -1.120793  (rayon 4.47e-11)
[2, 5, 11, 13, 19] : -1.178986  (rayon 6.59e-11)
[2, 5, 11, 17, 19] : -1.353517  (rayon 7.85e-11)
[2, 5, 13, 17, 19] : -1.130270  (rayon 1.58e-10)
[2, 7, 11, 13, 17] : -1.289600  (rayon 5.24e-11)
[2, 7, 11, 13, 19] : -1.227571  (rayon 4.50e-11)
[2, 7, 11, 17, 19] : -1.155631  (rayon 9.42e-11)
[2, 7, 13, 17, 19] : -1.489321  (rayon 9.36e-11)
[2, 11, 13, 17, 19] : -1.512786  (rayon 4.55e-11)
[3, 5, 7, 11, 13] : -0.682150  (rayon 3.58e-10)
[3, 5, 7, 11, 17] : -0.815215  (rayon 2.08e-10)
[3, 5, 7, 11, 19] : -0.952027  (rayon 3.55e-10)
[3, 5, 7, 13, 17] : -0.883345  (rayon 1.14e-10)
[3, 5, 7, 13, 19] : -0.861497  (rayon 1.51e-10)
[3, 5, 7, 17, 19] : -1.230691  (rayon 1.08e-10)
[3, 5, 11, 13, 17] : -1.162653  (rayon 6.17e-11)
[3, 5, 11, 13, 19] : -1.099491  (rayon 4.91e-11)
[3, 5, 11, 17, 19] : -1.147596  (rayon 1.64e-10)
[3, 5, 13, 17, 19] : -1.237248  (rayon 7.99e-11)
[3, 7, 11, 13, 17] : -1.209689  (rayon 3.80e-11)
[3, 7, 11, 13, 19] : -1.229181  (rayon 5.99e-11)
[3, 7, 11, 17, 19] : -1.315003  (rayon 7.47e-11)
[3, 7, 13, 17, 19] : -1.223701  (rayon 6.48e-11)
[3, 11, 13, 17, 19] : -1.581843  (rayon 4.65e-11)
[5, 7, 11, 13, 17] : -1.207396  (rayon 1.82e-11)
[5, 7, 11, 13, 19] : -1.208775  (rayon 2.77e-11)
[5, 7, 11, 17, 19] : -1.248412  (rayon 7.24e-11)
[5, 7, 13, 17, 19] : -1.314436  (rayon 7.21e-11)
[5, 11, 13, 17, 19] : -1.323735  (rayon 6.25e-11)
[7, 11, 13, 17, 19] : -1.656330  (rayon 3.48e-11)
[2, 3, 5, 7, 11, 13] : -0.386577  (rayon 8.34e-10)
[2, 3, 5, 7, 11, 17] : -0.558268  (rayon 3.00e-10)
[2, 3, 5, 7, 11, 19] : -0.654444  (rayon 4.02e-10)
[2, 3, 5, 7, 13, 17] : -0.629216  (rayon 2.69e-10)
[2, 3, 5, 7, 13, 19] : -0.649711  (rayon 2.68e-10)
[2, 3, 5, 7, 17, 19] : -1.055883  (rayon 1.50e-10)
[2, 3, 5, 11, 13, 17] : -0.736913  (rayon 5.46e-11)
[2, 3, 5, 11, 13, 19] : -0.779674  (rayon 1.42e-10)
[2, 3, 5, 11, 17, 19] : -1.115352  (rayon 1.62e-10)
[2, 3, 5, 13, 17, 19] : -0.904661  (rayon 1.77e-10)
[2, 3, 7, 11, 13, 17] : -0.729326  (rayon 1.58e-10)
[2, 3, 7, 11, 13, 19] : -0.815569  (rayon 1.68e-10)
[2, 3, 7, 11, 17, 19] : -0.991798  (rayon 9.14e-11)
[2, 3, 7, 13, 17, 19] : -1.150289  (rayon 1.27e-10)
[2, 3, 11, 13, 17, 19] : -1.202470  (rayon 1.30e-10)
[2, 5, 7, 11, 13, 17] : -0.733303  (rayon 4.30e-11)
[2, 5, 7, 11, 13, 19] : -0.775777  (rayon 2.12e-10)
[2, 5, 7, 11, 17, 19] : -1.010782  (rayon 1.26e-10)
[2, 5, 7, 13, 17, 19] : -1.074411  (rayon 1.44e-10)
[2, 5, 11, 13, 17, 19] : -1.136998  (rayon 5.18e-11)
[2, 7, 11, 13, 17, 19] : -1.333134  (rayon 5.42e-11)
[3, 5, 7, 11, 13, 17] : -0.636369  (rayon 5.69e-10)
[3, 5, 7, 11, 13, 19] : -0.737804  (rayon 3.29e-10)
[3, 5, 7, 11, 17, 19] : -0.884294  (rayon 1.72e-10)
[3, 5, 7, 13, 17, 19] : -0.959441  (rayon 1.06e-10)
[3, 5, 11, 13, 17, 19] : -1.210946  (rayon 7.12e-11)
[3, 7, 11, 13, 17, 19] : -1.207034  (rayon 2.68e-11)
[5, 7, 11, 13, 17, 19] : -1.208291  (rayon 1.79e-11)
[2, 3, 5, 7, 11, 13, 17] : -0.331137  (rayon 8.62e-10)
[2, 3, 5, 7, 11, 13, 19] : -0.415706  (rayon 4.55e-10)
[2, 3, 5, 7, 11, 17, 19] : -0.634463  (rayon 1.89e-10)
[2, 3, 5, 7, 13, 17, 19] : -0.710806  (rayon 1.61e-10)
[2, 3, 5, 11, 13, 17, 19] : -0.735483  (rayon 3.94e-11)
[2, 3, 7, 11, 13, 17, 19] : -0.719763  (rayon 2.89e-11)
[2, 5, 7, 11, 13, 17, 19] : -0.732406  (rayon 2.14e-11)
[3, 5, 7, 11, 13, 17, 19] : -0.560529  (rayon 3.47e-11)
[2, 3, 5, 7, 11, 13, 17, 19] : +0.000000  (rayon 3.29e-10)
