4.0704301626080
6.0147180493268
11.9094970989896
22.3497093300588
23.6756749096999
27.7899319219294
30.0381347329908
32.0229736589354
33.8112506234903
35.5014869710102
38.7878732480148
39.9476421272383
41.0312681795598
42.7546214934681
45.1517654717050
46.4771782207275
48.3625255758408
50.1639512295890
51.0355332480426
51.9925909205271
54.2915625621262
56.2796983417801
57.7013302737383
58.3383624264988
59.6802583964633
61.5356150830096
62.7868331792340
63.9997915377463
66.1489856985468
67.3268819458017
68.3016826900454
69.2840066042359
70.2797560418629
72.4309724746729
74.1819479588922
74.7011406259552
76.1335791083958
77.4636368333900
78.4634979258068
79.6781395629882
80.9175966370216
82.2205366713458
84.1953372371218
85.3999580853391
85.8048466006321
86.8146478765005
87.8727881608657
89.8827782231190
90.7761256889692
92.0942449809388
93.3990695897775
94.2940427772870
95.7412459465434
96.5775317444622
97.4404107576090
98.4151717785236
100.2488501607680
101.7707058770700
102.6815633212480
103.4969258400630
104.3495268888820
105.4920383164230
106.5540523631340
108.3288607240770
108.8895669286550
109.9930767840220
111.6442105829330
112.7668014846520
113.6854805858790
114.1365147404150
