17.0249420759926
19.3441154991815
22.8261931283343
25.7999235601013
27.6164361749163
29.1018834648622
31.8310613699717
34.3471038793177
35.6095026712633
37.1600794665599
38.9798718247120
40.8649210955904
42.9624682023100
44.7165876388095
45.7081766302651
46.9228865619812
48.8845923479460
50.8585578341632
52.2084561079916
53.8667859217878
54.8124463691756
56.1642766726080
57.7477158040669
59.1886000560169
61.2112906749061
62.4099725413140
63.3997167996275
64.4782740136229
65.8411920277228
67.6680975697523
68.7657311068868
70.5658999093301
71.5151450636631
72.7793106037368
74.0609762360244
74.6049003579295
76.6307909351257
77.8404437657817
79.5177824537089
80.5991976660814
81.2939779667956
82.6785102707012
83.5676015306852
85.3322176044279
86.2362409919154
87.7201460156160
89.2073136143526
90.1509029432393
91.1018169318231
91.9180366781390
93.2577400210036
94.5361681047575
96.0183894125484
97.3452841035982
98.1159568311207
99.4221065922338
100.3137451241430
101.1828675241820
102.6398574586140
103.5464397512000
104.9535538161570
106.2961294282610
107.4342912948640
108.4332765037010
109.2520328555550
109.9802767886170
111.2433232812650
112.8220697044400
113.6421667229040
114.9453112196970
