2.8977246782709
5.5912453153195
21.0903775087339
23.1575104845853
25.4393003898372
29.1892067135368
31.0617394845440
32.4527182375570
34.0272796838472
36.9312371974937
38.9870982151186
40.4655490222834
41.6851103312465
43.0510814899645
45.2203620069413
47.6607243153047
48.8179663907847
49.7984652829980
51.3751449154626
52.5598876963433
54.6535140546208
56.6899697503172
57.6166211934090
59.0433361195422
60.2512945420134
60.9302544966805
63.0554036340306
65.0280616017899
66.0531445397070
67.5747312567319
68.2882811318913
69.4223658112824
70.8802548329208
72.2899933699866
74.1574305286740
75.5105873385132
76.5116524370659
77.2965875092772
78.5268435032172
79.6462440380120
81.0934750546557
83.0999731356220
83.9810907179412
85.1204644360696
86.2039221458232
87.2818523030882
88.1416316506303
89.2944208770600
91.2299257008873
92.3569273378821
93.8884516137452
94.4624382674195
95.5004244761379
96.5910720591420
97.3209962526615
99.1562706753946
100.1634982579030
101.7581623408220
103.0808230142910
103.4007169869360
104.8070003845620
105.5109679743940
106.6532392187160
107.6779350836550
109.3545446364830
110.8588927693310
111.6353107859710
112.4529474133260
113.5363113097510
114.5994480477240
