5.1055313086473
17.7442287880043
22.0828833772350
23.6900118314732
27.1426126160360
28.8988378613334
31.2199778278305
33.3027699993553
34.9413315016281
36.8220610290123
39.4036457550467
40.3954506308287
41.7518913966523
44.3141127846671
45.6041247768810
46.7731555096729
49.0623573859669
50.4428786981306
51.4839637477090
53.1358251106050
54.8229659148021
56.5390086739774
57.7030588658215
58.8511658803142
60.3363236494317
62.3427605114013
63.1451180474117
64.2165899608009
66.2554993505022
67.7507046815066
68.5590956746215
69.4453333319929
71.3077160409394
72.9519709018265
73.6890121026987
75.2952196918033
76.2065113468558
77.7272898984985
78.9591932615256
80.2505964617052
81.2013544790962
82.3915692402408
84.2017334394370
85.5004972002107
86.0646875741528
86.9821021413084
88.6357429075844
90.2062740406416
91.1589654673596
91.8841682334637
93.3261418331635
94.8381113365867
95.6998921488729
96.8603035570679
97.8041648452534
99.0948448347175
100.1857351842430
101.7376820268630
102.7775477846780
103.6128727904040
104.5864080060860
105.6186144516900
107.4874527064830
108.2043412516530
109.0995735940180
110.0236925513480
111.6103329584360
112.9682443304450
113.5356604115110
114.8032485834200
