3.7647019045259
8.4418703441497
19.4483544500909
23.0939623051538
26.1518661201714
27.8260578322407
30.9903075480748
32.0681458350820
35.0463081449147
36.3730961243226
38.1758857326494
40.0803022802362
42.1472089149297
43.4072270007604
45.2854547559751
46.7361221975669
48.4727303964927
49.9790279360135
51.2742978087781
53.5712937366133
54.6096034975762
55.2759761303777
57.8055604312075
58.9190985459828
60.0205118250084
61.9578406743725
62.9609412152269
64.4328958857527
65.8735219313308
66.9654292253422
68.3575794456240
70.0897529037803
71.2206506835744
72.2540257118982
73.6822062524674
74.7169239115014
76.7494469809889
77.4226197121217
78.3595482351092
80.2707645343853
81.6367380140678
82.2630761619909
83.3558394239428
85.1612109448322
86.1020003845199
87.2123216652190
88.8839330774639
89.7818929416073
90.5922255118720
91.9914808989279
93.8202261494019
94.0923380413559
95.3961549935688
96.8178940746616
97.9968741052357
99.2448562396670
100.2785798594580
100.9570599936300
102.3001593079880
103.8041553627740
104.8746626061670
105.7309764988220
106.7222395023910
108.4139174305770
109.1044854827870
110.0113837256370
111.4042301851180
112.6773968671240
113.3083068992930
114.3428326131890
